# Created by Octave 4.4.0, Wed Feb 20 09:20:26 2019 GMT <unknown@laptop>
# name: x
# type: range
# base, limit, increment
1 100 1


# name: y
# type: matrix
# rows: 1
# columns: 100
 0 0.3010299956639812 0.47712125471966244 0.6020599913279624 0.69897000433601886 0.77815125038364363 0.84509804001425681 0.90308998699194354 0.95424250943932487 1 1.0413926851582251 1.0791812460476249 1.1139433523068367 1.146128035678238 1.1760912590556813 1.2041199826559248 1.2304489213782739 1.255272505103306 1.2787536009528289 1.3010299956639813 1.3222192947339193 1.3424226808222062 1.3617278360175928 1.3802112417116059 1.3979400086720377 1.414973347970818 1.4313637641589874 1.4471580313422192 1.4623979978989561 1.4771212547196624 1.4913616938342726 1.505149978319906 1.5185139398778875 1.5314789170422551 1.5440680443502757 1.5563025007672873 1.568201724066995 1.5797835966168101 1.5910646070264991 1.6020599913279623 1.6127838567197355 1.6232492903979006 1.6334684555795864 1.6434526764861874 1.6532125137753437 1.6627578316815741 1.6720978579357175 1.6812412373755872 1.6901960800285136 1.6989700043360187 1.7075701760979363 1.7160033436347992 1.7242758696007889 1.7323937598229686 1.7403626894942439 1.7481880270062005 1.7558748556724915 1.7634279935629373 1.7708520116421442 1.7781512503836436 1.7853298350107671 1.7923916894982539 1.7993405494535817 1.8061799739838871 1.8129133566428555 1.8195439355418688 1.8260748027008264 1.8325089127062364 1.8388490907372552 1.8450980400142569 1.8512583487190752 1.8573324964312685 1.8633228601204559 1.8692317197309762 1.8750612633917001 1.8808135922807914 1.8864907251724818 1.8920946026904804 1.8976270912904414 1.9030899869919435 1.9084850188786497 1.9138138523837167 1.919078092376074 1.9242792860618816 1.9294189257142926 1.9344984512435677 1.9395192526186185 1.9444826721501687 1.9493900066449128 1.954242509439325 1.9590413923210936 1.9637878273455553 1.968482948553935 1.9731278535996986 1.9777236052888478 1.9822712330395684 1.9867717342662448 1.9912260756924949 1.9956351945975499 2


